xor_enc: 128
xtime_enc: 224
=========
xor_dec: 280
xtime_dec: 424
=========
xor_sum: 408
xtime_sum: 648
mat:
GF([[  1,   2,   3,   8,   4, 145, 225, 169],
    [  2,   1,   8,   3, 145,   4, 169, 225],
    [  3,   8,   1,   2, 225, 169,   4, 145],
    [  8,   3,   2,   1, 169, 225, 145,   4],
    [  4, 145, 225, 169,   1,   2,   3,   8],
    [145,   4, 169, 225,   2,   1,   8,   3],
    [225, 169,   4, 145,   3,   8,   1,   2],
    [169, 225, 145,   4,   8,   3,   2,   1]], order=2^8)
inv:
GF([[111, 222, 177,  85, 167, 226, 153,  82],
    [222, 111,  85, 177, 226, 167,  82, 153],
    [177,  85, 111, 222, 153,  82, 167, 226],
    [ 85, 177, 222, 111,  82, 153, 226, 167],
    [167, 226, 153,  82, 111, 222, 177,  85],
    [226, 167,  82, 153, 222, 111,  85, 177],
    [153,  82, 167, 226, 177,  85, 111, 222],
    [ 82, 153, 226, 167,  85, 177, 222, 111]], order=2^8)