xor_enc: 56
xtime_enc: 42
=========
xor_dec: 196
xtime_dec: 315
=========
xor_sum: 252
xtime_sum: 357
mat:
GF([[2, 3, 1, 1, 3, 2, 4],
    [4, 2, 3, 1, 1, 3, 2],
    [2, 4, 2, 3, 1, 1, 3],
    [3, 2, 4, 2, 3, 1, 1],
    [1, 3, 2, 4, 2, 3, 1],
    [1, 1, 3, 2, 4, 2, 3],
    [3, 1, 1, 3, 2, 4, 2]], order=2^8)
inv:
GF([[238, 203, 238,  81,  97,  97,  81],
    [ 81, 238, 203, 238,  81,  97,  97],
    [ 97,  81, 238, 203, 238,  81,  97],
    [ 97,  97,  81, 238, 203, 238,  81],
    [ 81,  97,  97,  81, 238, 203, 238],
    [238,  81,  97,  97,  81, 238, 203],
    [203, 238,  81,  97,  97,  81, 238]], order=2^8)