xor_enc: 56
xtime_enc: 42
=========
xor_dec: 196
xtime_dec: 315
=========
xor_sum: 252
xtime_sum: 357
mat:
GF([[1, 2, 3, 3, 2, 1, 4],
    [4, 1, 2, 3, 3, 2, 1],
    [1, 4, 1, 2, 3, 3, 2],
    [2, 1, 4, 1, 2, 3, 3],
    [3, 2, 1, 4, 1, 2, 3],
    [3, 3, 2, 1, 4, 1, 2],
    [2, 3, 3, 2, 1, 4, 1]], order=2^8)
inv:
GF([[ 97, 203,  97, 238,  81,  81, 238],
    [238,  97, 203,  97, 238,  81,  81],
    [ 81, 238,  97, 203,  97, 238,  81],
    [ 81,  81, 238,  97, 203,  97, 238],
    [238,  81,  81, 238,  97, 203,  97],
    [ 97, 238,  81,  81, 238,  97, 203],
    [203,  97, 238,  81,  81, 238,  97]], order=2^8)