xor_enc: 56
xtime_enc: 49
=========
xor_dec: 217
xtime_dec: 329
=========
xor_sum: 273
xtime_sum: 378
mat:
GF([[4, 3, 1, 1, 3, 4, 2],
    [2, 4, 3, 1, 1, 3, 4],
    [4, 2, 4, 3, 1, 1, 3],
    [3, 4, 2, 4, 3, 1, 1],
    [1, 3, 4, 2, 4, 3, 1],
    [1, 1, 3, 4, 2, 4, 3],
    [3, 1, 1, 3, 4, 2, 4]], order=2^8)
inv:
GF([[ 89, 141,  89, 209, 252, 252, 209],
    [209,  89, 141,  89, 209, 252, 252],
    [252, 209,  89, 141,  89, 209, 252],
    [252, 252, 209,  89, 141,  89, 209],
    [209, 252, 252, 209,  89, 141,  89],
    [ 89, 209, 252, 252, 209,  89, 141],
    [141,  89, 209, 252, 252, 209,  89]], order=2^8)