xor_enc: 56
xtime_enc: 49
=========
xor_dec: 203
xtime_dec: 343
=========
xor_sum: 259
xtime_sum: 392
mat:
GF([[3, 4, 1, 1, 4, 3, 2],
    [2, 3, 4, 1, 1, 4, 3],
    [3, 2, 3, 4, 1, 1, 4],
    [4, 3, 2, 3, 4, 1, 1],
    [1, 4, 3, 2, 3, 4, 1],
    [1, 1, 4, 3, 2, 3, 4],
    [4, 1, 1, 4, 3, 2, 3]], order=2^8)
inv:
GF([[209, 141, 209, 238, 137, 137, 238],
    [238, 209, 141, 209, 238, 137, 137],
    [137, 238, 209, 141, 209, 238, 137],
    [137, 137, 238, 209, 141, 209, 238],
    [238, 137, 137, 238, 209, 141, 209],
    [209, 238, 137, 137, 238, 209, 141],
    [141, 209, 238, 137, 137, 238, 209]], order=2^8)