xor_enc: 56
xtime_enc: 49
=========
xor_dec: 203
xtime_dec: 343
=========
xor_sum: 259
xtime_sum: 392
mat:
GF([[1, 2, 1, 3, 4, 4, 3],
    [3, 1, 2, 1, 3, 4, 4],
    [4, 3, 1, 2, 1, 3, 4],
    [4, 4, 3, 1, 2, 1, 3],
    [3, 4, 4, 3, 1, 2, 1],
    [1, 3, 4, 4, 3, 1, 2],
    [2, 1, 3, 4, 4, 3, 1]], order=2^8)
inv:
GF([[137, 209, 238, 238, 209, 137, 141],
    [141, 137, 209, 238, 238, 209, 137],
    [137, 141, 137, 209, 238, 238, 209],
    [209, 137, 141, 137, 209, 238, 238],
    [238, 209, 137, 141, 137, 209, 238],
    [238, 238, 209, 137, 141, 137, 209],
    [209, 238, 238, 209, 137, 141, 137]], order=2^8)